10 2 0.000146
10 0 0.000009
10 1 0.000032
10 0 0.000015
50 2 0.000328
50 0 0.000032
50 1 0.000041
50 0 0.000030
200 2 0.001020
200 0 0.000098
200 1 0.000234
200 0 0.000093
500 2 0.002300
500 0 0.000713
500 1 0.000489
500 0 0.000831
1000 2 0.003958
1000 0 0.001305
1000 1 0.000732
1000 0 0.001748
2000 2 0.007390
2000 0 0.001703
2000 1 0.001035
2000 0 0.001640
4000 2 0.014146
4000 0 0.003445
4000 1 0.001863
4000 0 0.003306
10000 2 0.035014
10000 0 0.007690
10000 1 0.003969
10000 0 0.006961
10 2 0.000141
10 0 0.000009
10 1 0.000028
10 0 0.000012
50 2 0.000356
50 0 0.000040
50 1 0.000043
50 0 0.000030
200 2 0.001078
200 0 0.000098
200 1 0.000234
200 0 0.000093
500 2 0.002161
500 0 0.000698
500 1 0.000491
500 0 0.000877
1000 2 0.003803
1000 0 0.001303
1000 1 0.000631
1000 0 0.001355
2000 2 0.007653
2000 0 0.001721
2000 1 0.001202
2000 0 0.002305
4000 2 0.014401
4000 0 0.003451
4000 1 0.002109
4000 0 0.004847
10000 2 0.034595
10000 0 0.007679
10000 1 0.003565
10000 0 0.007414
10 2 0.000169
10 0 0.000009
10 1 0.000029
10 0 0.000014
50 2 0.000351
50 0 0.000032
50 1 0.000050
50 0 0.000052
200 2 0.000973
200 0 0.000098
200 1 0.000238
200 0 0.000093
500 2 0.002646
500 0 0.000682
500 1 0.000433
500 0 0.000681
1000 2 0.004653
1000 0 0.001294
1000 1 0.000647
1000 0 0.001242
2000 2 0.008346
2000 0 0.001828
2000 1 0.001033
2000 0 0.001739
4000 2 0.014677
4000 0 0.003371
4000 1 0.001875
4000 0 0.003300
10000 2 0.035416
10000 0 0.007281
10000 1 0.004538
10000 0 0.010288
10 2 0.000134
10 0 0.000009
10 1 0.000029
10 0 0.000013
50 2 0.000378
50 0 0.000034
50 1 0.000041
50 0 0.000034
200 2 0.001020
200 0 0.000098
200 1 0.000236
200 0 0.000093
500 2 0.002527
500 0 0.000712
500 1 0.000421
500 0 0.000666
1000 2 0.004358
1000 0 0.001418
1000 1 0.005168
1000 0 0.001614
2000 2 0.008083
2000 0 0.001822
2000 1 0.001002
2000 0 0.006649
4000 2 0.014599
4000 0 0.003661
4000 1 0.002170
4000 0 0.004870
10000 2 0.034700
10000 0 0.007285
10000 1 0.003883
10000 0 0.007416
