0.062247
0.039471
0.040973
0.173468
0.170709
0.168777
0.087800
0.036717
0.020970
0.169295
0.171838
0.168478
0.106946
0.035974
0.019903
0.170089
0.168771
0.170901
0.107021
0.035950
0.037313
0.174189
0.172162
0.172379
0.107020
0.035898
0.019711
0.178225
0.187183
0.173063
0.107011
0.060883
0.070093
0.180853
0.170233
0.243324
0.107028
0.039956
0.022668
0.169133
0.180164
0.420716
0.107014
0.062609
0.021147
0.171579
0.246186
0.218389
0.061851
0.036727
0.061898
0.485618
0.220890
0.192863
0.105829
0.061823
0.033840
0.222398
0.196129
0.171779
0.062087
0.061530
0.040455
0.220433
0.191139
0.167273
0.106977
0.061966
0.033749
0.221015
0.195406
0.170796
0.106981
0.061308
0.025263
0.206627
0.186565
0.171139
0.106981
0.062756
0.041496
0.209845
0.189229
0.176554
0.213969
0.132478
0.082473
0.346622
0.348086
0.575222
0.123432
0.125746
0.051561
0.337508
0.337808
0.336232
0.123919
0.122875
0.071528
0.337323
0.339694
0.336149
0.213809
0.071186
0.039752
0.336834
0.337971
0.336336
0.213987
0.071500
0.039154
0.337440
0.337423
0.335983
0.171343
0.121159
0.060787
0.338519
0.337297
0.430786
0.213977
0.070896
0.044733
0.338454
0.336911
0.441461
0.202220
0.124316
0.054859
0.337497
0.466940
0.381284
0.213952
0.073371
0.046268
0.534194
0.420554
0.388979
0.209782
0.123101
0.046742
0.444831
0.404003
0.359164
0.213984
0.072364
0.048658
0.445334
0.392246
0.351885
0.123809
0.122628
0.048739
0.430825
0.388827
0.354524
0.213943
0.073014
0.050180
0.422382
0.382648
0.338926
0.213859
0.072696
0.069874
0.415026
0.383038
0.345609
0.321217
0.188477
0.066182
0.509331
0.527004
0.550235
0.320968
0.110779
0.061150
0.535705
0.526884
0.522429
0.320739
0.107781
0.060239
0.516666
0.524655
0.520804
0.321343
0.106870
0.058751
0.508912
0.504233
0.504932
0.320998
0.106615
0.058799
0.503829
0.503177
0.502432
0.322752
0.181955
0.066630
0.505255
0.505958
0.708488
0.320948
0.107177
0.066469
0.520177
0.523032
0.593084
0.320952
0.110719
0.067986
0.512355
0.703925
0.571034
0.320594
0.109422
0.068609
0.776787
0.628027
0.586170
0.320984
0.107717
0.069047
0.666487
0.593084
0.527644
0.320901
0.191504
0.071525
0.661390
0.597518
0.540719
0.321022
0.183369
0.072496
0.671374
0.582322
0.526143
0.184736
0.108932
0.116874
0.634808
0.577075
0.527686
0.320972
0.185184
0.079072
0.628064
0.584563
0.528544
0.427992
0.154546
0.087845
0.680363
0.676653
0.672432
0.424593
0.147458
0.081099
0.674571
0.672756
0.672982
0.252622
0.143036
0.078649
0.674513
0.672209
0.673957
0.431004
0.142678
0.078327
0.672373
0.672254
0.670727
0.247494
0.141230
0.122241
0.672431
0.671657
0.671029
0.427913
0.142901
0.087268
0.672471
0.671967
0.926042
0.427280
0.141868
0.088583
0.671140
0.672010
0.782485
0.427909
0.146473
0.150003
0.672023
0.920984
0.764824
0.427787
0.208869
0.091309
1.030422
0.830775
0.750213
0.427992
0.248635
0.092421
0.890057
0.806473
0.718483
0.427839
0.244216
0.094718
0.879803
0.782976
0.717247
0.428065
0.144715
0.096468
0.899734
0.779215
0.716419
0.428005
0.244354
0.113489
0.843257
0.773957
0.696635
0.427933
0.145625
0.168216
0.831766
0.772814
0.702120
0.535095
0.328915
0.109774
0.848463
0.843068
0.840387
0.472342
0.184117
0.101383
0.843102
0.840195
0.840088
0.534919
0.178709
0.098153
0.841746
0.839177
0.838236
0.534810
0.177634
0.098380
0.840065
0.839067
0.838541
0.534827
0.180053
0.109112
0.839078
0.840239
0.837940
0.534908
0.176440
0.109645
0.839025
0.838328
1.074760
0.534893
0.177920
0.110430
0.882928
0.876521
1.257658
0.534728
0.182664
0.113166
0.840386
1.171800
0.951321
0.534997
0.181799
0.113964
1.293705
1.057870
1.003317
0.534928
0.179754
0.115519
1.121912
0.995679
0.939605
0.309479
0.305913
0.115871
1.112978
0.992167
0.897040
0.533814
0.304987
0.137075
1.119852
0.972695
0.952847
0.534642
0.180977
0.124963
1.057770
0.971471
0.911431
0.533697
0.181650
0.129693
1.050968
0.969321
0.895251
0.642071
0.233036
0.131862
1.017653
1.015918
1.009150
0.641951
0.347857
0.143526
1.012584
1.008438
1.006804
0.640547
0.331147
0.117708
1.009353
1.006844
1.005931
0.642614
0.215167
0.220956
1.007788
1.007732
1.005879
0.641910
0.349181
0.117027
1.007638
1.007603
1.005786
0.644404
0.215771
0.130812
1.006632
1.006353
1.282154
0.640990
0.364895
0.132539
1.010443
1.007589
1.168667
0.642385
0.372867
0.133015
1.010472
1.411080
1.201258
0.642156
0.369798
0.239913
1.540492
1.354055
1.147378
0.641862
0.215945
0.138586
1.332116
1.185308
1.083272
0.641959
0.365808
0.140517
1.329178
1.170439
1.085638
0.641979
0.366177
0.143237
1.334261
1.171944
1.086153
0.372003
0.216073
0.148954
1.265369
1.181532
1.067369
0.642689
0.218298
0.155432
1.253615
1.160426
1.092963
0.433583
0.274179
0.153527
1.187080
1.179772
1.176534
0.748726
0.256714
0.141904
1.183402
1.175979
1.174461
0.748881
0.250284
0.137289
1.176222
1.174246
1.173655
0.747562
0.248496
0.259027
1.176854
1.175680
1.173410
0.748759
0.254001
0.136504
1.174654
1.173447
1.172679
0.704276
0.419567
0.152745
1.174416
1.174961
1.620878
0.749365
0.247916
0.271993
1.175099
1.172896
1.368299
0.749897
0.256543
0.147692
1.176696
1.617386
1.373748
0.748609
0.430294
0.159566
1.821552
1.485041
1.410401
0.748775
0.426015
0.160108
1.564710
1.394247
1.319767
0.432552
0.251483
0.165742
1.545384
1.371215
1.329334
0.748873
0.251801
0.166568
1.489364
1.356318
1.335423
0.432479
0.252142
0.173453
1.470865
1.350420
1.277567
0.748210
0.254118
0.180933
1.476075
1.348261
1.248781
0.840559
0.310190
0.325536
1.356444
1.348369
1.346339
0.856707
0.293172
0.163163
1.348497
1.344735
1.342295
0.855750
0.490501
0.183170
1.344237
1.346869
1.341492
0.855768
0.286192
0.156455
1.346317
1.343134
1.342014
0.855776
0.284402
0.155675
1.343692
1.344233
1.341154
0.856608
0.281722
0.174467
1.342904
1.344086
1.860479
0.817019
0.285662
0.178754
1.344626
1.341343
1.637034
0.778092
0.292161
0.179826
1.340943
1.861822
1.720160
0.856598
0.290648
0.181687
2.084295
1.679567
1.548682
0.855839
0.287828
0.183888
1.777277
1.614775
1.512362
0.855719
0.487212
0.190652
1.765232
1.559781
1.464514
0.494287
0.288713
0.192805
1.792844
1.554260
1.449390
0.856024
0.290468
0.195808
1.685578
1.570622
1.443780
0.854396
0.292437
0.244910
1.692471
1.545092
1.422938